{
 "cells": [
  {
   "cell_type": "markdown",
   "metadata": {},
   "source": [
    "## Recursive Least Square with Kafka and Spark streaming \n",
    "\n",
    "This notebook demonstrates how to implement a distributed algorithm for estimating the coefficients\n",
    "of multiple linear models on streaming data retrieved from a Kafka producer.\n",
    "Inference is achieved using the Recursive Least Squares (RLS) algorithm, by running many\n",
    "models in parallel with different forgetting factors.\n",
    "\n",
    "Massive parallelism enables rapid validation of the optimal value for the only hyper-parameter\n",
    "of the model, namely the forgetting factor.\n",
    "The algorithm is scalable both w.r.t. to the number of explained variables and the number of\n",
    "models run in parallel. Let's note that running multiple models in parallel and fitting\n",
    "linear models on different output variables are both embarassingly parallel tasks.\n",
    "\n",
    "Let $B \\in \\mathbb{R}^{n \\times m}$ be the coefficients to be learnt, $x_t \\in \\mathbb{R}^n$ the input sample\n",
    "of dimensionality $n$ retrieved at step $t$, $w \\in \\mathcal{N}(0, 1)$ some Gaussian noise\n",
    "and $y \\in \\mathbb{R}^m$ the $m$ output variables to be predicted.\n",
    "The linear regression fitted by the RLS algorithm can be formally described as such:\n",
    "\n",
    "$$\n",
    "y = x^T B + w\n",
    "$$\n",
    "\n",
    "However, such vectorized description of the model is not scalable and should be split\n",
    "w.r.t. to the explained variable, in such a way that each machine in the cluster computes\n",
    "the coefficients associated to a single explained variable $y_j$:\n",
    "\n",
    "$$\n",
    "y_j = x^T B_{\\cdot j} + w\n",
    "$$\n",
    "\n",
    "Where $B_{\\cdot j}$ is the jth column of matrix $B$. Actually, this notebook provides both implementations and \n",
    "privileges the vectorized one for small systems, for which the NumPy implementation of the dot-product\n",
    "has a competitive advantage over Spark."
   ]
  },
  {
   "cell_type": "markdown",
   "metadata": {},
   "source": [
    "### General import\n",
    "\n",
    "Let's import the general-purpose libraries and Spark modules."
   ]
  },
  {
   "cell_type": "code",
   "execution_count": 115,
   "metadata": {},
   "outputs": [],
   "source": [
    "from pyspark.sql import SparkSession\n",
    "from pyspark.streaming import StreamingContext\n",
    "from pyspark.streaming.kafka import KafkaUtils\n",
    "\n",
    "import time\n",
    "import re\n",
    "import ast\n",
    "import numpy as np\n",
    "import matplotlib.pyplot as plt\n",
    "import os"
   ]
  },
  {
   "cell_type": "markdown",
   "metadata": {},
   "source": [
    "### Start Spark session and initialize DStream\n",
    "\n",
    "Let's initialize the Spark session as well as the DStream. It should be noted that everytime the stream is\n",
    "stopped, the notebook should be re-run from this cell."
   ]
  },
  {
   "cell_type": "code",
   "execution_count": 116,
   "metadata": {
    "scrolled": true
   },
   "outputs": [],
   "source": [
    "# Global constants\n",
    "TOPIC = 'dataLinearModel'\n",
    "BATCH_INTERVAL = 1\n",
    "\n",
    "# Change command line Spark job submission arguments\n",
    "os.environ['PYSPARK_SUBMIT_ARGS'] = '--conf spark.ui.port=4040 ' + \\\n",
    "                                '--packages org.apache.spark:spark-streaming-kafka-0-8_2.11:2.2.1 ' + \\\n",
    "                                '--conf spark.driver.memory=2g  pyspark-shell'\n",
    "\n",
    "# Initialize Spark session and retrieve context\n",
    "spark = SparkSession.builder.master('local[2]').appName('KafkaReceive').getOrCreate()\n",
    "sc = spark.sparkContext\n",
    "\n",
    "# Create streaming context, with required batch interval\n",
    "ssc = StreamingContext(sc, BATCH_INTERVAL)\n",
    "\n",
    "# Checkpointing needed for stateful transforms\n",
    "ssc.checkpoint('checkpoint')\n",
    "\n",
    "# Create a DStream that represents streaming data from Kafka, for the required topic\n",
    "dstream = KafkaUtils.createDirectStream(ssc, [TOPIC], {'metadata.broker.list': 'localhost:9092'})\n",
    "# IMPORTANT NOTE: The following line may not succeed on Windows, but can be used instead:\n",
    "# dstream = KafkaUtils.createStream(ssc, \"127.0.0.1:2181\", \"spark-streaming-consumer\", {topic: 1})"
   ]
  },
  {
   "cell_type": "markdown",
   "metadata": {},
   "source": [
    "### 1) RLS algorithm state representation - Vectorized approach\n",
    "\n",
    "Rather than implementing arbitrary object classes (which Spark can not handle in a stable manner),\n",
    "let's represent the current state of RLS algorithm execution with tuples.\n",
    "More formally, let's denote current state as a 7-uple of the following form:\n",
    "\n",
    "$$\n",
    "(k, B^{(t)}, V^{(t)}, \\nu, sse, t, \\text{None})\n",
    "$$\n",
    "\n",
    "where $k$ is a string representing the identifier of current model, $B^{(t)} \\in \\mathbb{R}^{n \\times m}$ is\n",
    "the coefficient matrix at time $t$, $V^{(t)}$ is matrix $V \\in \\mathbb{R}^{n \\times n}$ at time $t$,\n",
    "$\\nu$ is the forgetting factor of current model, $sse$ is the average square error of all predicted samples until step $t$,\n",
    "and the last element is the index of the explained variable to be fitted.\n",
    "In the vectorized implementation, all explained variables are fitted and the last element is thus set to None."
   ]
  },
  {
   "cell_type": "code",
   "execution_count": 118,
   "metadata": {},
   "outputs": [],
   "source": [
    "def create_state(key, n, m, nu):\n",
    "    \"\"\"Creates a new RLS state.\n",
    "    \n",
    "    Parameters:\n",
    "        key (str): Identifier of current model.\n",
    "        n (int): Number of input/explicative variables.\n",
    "        m (int): Number of output/explained variables.\n",
    "        nu (float): Forgetting factor of current model.\n",
    "    \n",
    "    Returns:\n",
    "        tuple: RLS state at the beginning of the algorithm's execution.\n",
    "    \"\"\"\n",
    "    Beta = np.squeeze(np.zeros((n, m)))\n",
    "    return (key, Beta, np.eye(n), nu, 0., 0., None)"
   ]
  },
  {
   "cell_type": "markdown",
   "metadata": {},
   "source": [
    "States are being updated by Spark by repeated calls to a function which has to\n",
    "be defined beforehand. Such function should be able to handle multiple\n",
    "input examples (sample size greater than one) at once. Therefore, let's define\n",
    "a decorator for the automatically adapts the update function by calling the later\n",
    "one time per input example. Such decorator is useful since it can be reused for\n",
    "the parallel implementation as well."
   ]
  },
  {
   "cell_type": "code",
   "execution_count": 120,
   "metadata": {},
   "outputs": [],
   "source": [
    "def stochastic(func):\n",
    "    \"\"\"Decorator for state update functions.\n",
    "    \n",
    "    Iteratively calls the update function for each\n",
    "    input example received from Kafka.\n",
    "    \n",
    "    Parameters:\n",
    "        func (callable): State update function.\n",
    "    \n",
    "    Returns:\n",
    "        callable: A new state update function.\n",
    "    \"\"\"\n",
    "    def new_func(new_values, state):\n",
    "        if len(new_values) > 0:\n",
    "            # Call the update function on each example,\n",
    "            # in the order in which they have been received.\n",
    "            for i in range(len(new_values)):\n",
    "                # Update current state\n",
    "                new_state = func(new_values[i], state)\n",
    "                state = new_state\n",
    "            return new_state\n",
    "        else:\n",
    "            return state\n",
    "    new_func.__name__ = func.__name__ # Preserve the name\n",
    "    return new_func"
   ]
  },
  {
   "cell_type": "markdown",
   "metadata": {},
   "source": [
    "Now let's implement the actual state update function that will perform one step of the RLS algorithm.\n",
    "Let $V \\in \\mathbb{R}^{n \\times n}$ be a matrix that is required to be keft up-to-date at each\n",
    "step of the algorithm in order to compute $\\alpha \\in \\mathbb{R}^n$, a vector representing the lengths\n",
    "of the steps performed in the parameter space.\n",
    "Let $x_t \\in \\mathbb{R}^n$ be the vector of input variables observed at time $t$ and $y^{(t)}$ the corresponding\n",
    "vector of output variables at time $t$.\n",
    "\n",
    "$$\n",
    "\\begin{align}\n",
    "\\begin{cases}\n",
    "    V^{(t)} & = \\frac{1}{\\nu} \\Bigg( V^{(t-1)} - \\frac{V^{(t-1)} x_t^T x_t V^{(t-1)}}{1 + x_t V^{(t-1)} (x_t^T} \\Bigg) \\\\\n",
    "    \\alpha_t & = V^{(t)} x_t^T \\\\\n",
    "    e^{(t)} & = y^{(t)} - x_t \\hat{B}^{(t-1)} \\\\\n",
    "    \\hat{B}^{(t)} & = \\hat{B}^{(t-1)} + \\alpha_t^T e^{(t)}\n",
    "\\end{cases}\n",
    "\\end{align}\n",
    "$$\n",
    "\n",
    "$e^{(t)}$ are the errors given current model parameters on the example $(x_t, y^{(t)})$,\n",
    "and $e^{(t)}_i$ is the error on variable $y_i$ specifically. Given the current state:\n",
    "\n",
    "$$\n",
    "\\big(k, B^{(t)}, V^{(t)}, \\nu, sse^{(t)}, t, \\text{None}\\big)\n",
    "$$\n",
    "\n",
    "the update function computes the next step as:\n",
    "\n",
    "$$\n",
    "\\big(k, B^{(t+1)}, V^{(t+1)}, \\nu, sse^{(t+1)}, t+1, \\text{None})\n",
    "$$\n",
    "\n",
    "where $sse^{(t+1)} = \\frac{(t \\cdot sse^{(t)} + e^{(t+1)})}{t + 1}$."
   ]
  },
  {
   "cell_type": "code",
   "execution_count": null,
   "metadata": {},
   "outputs": [],
   "source": [
    "@stochastic\n",
    "def full_state_update(new_example, state):\n",
    "    \"\"\"Perform one RLS step and return the new state.\n",
    "    \n",
    "    Parameters:\n",
    "        new_example (tuple): Tuple containing the model\n",
    "            identifier and the input example itself.\n",
    "            Input example is a NumPy array\n",
    "            of size (1 + m + n), where the first element\n",
    "            is the example identifier, the m next elements\n",
    "            are the values of output variables and the n last\n",
    "            elements are the values of input variables.\n",
    "        state (tuple): Current state of the algorithm.\n",
    "    \n",
    "    Returns:\n",
    "        tuple: New state after performing one RLS step.\n",
    "    \"\"\"\n",
    "    yx = new_example[1] # Input example\n",
    "    key, Beta, V, nu, sse, N, _ = state # Unpack state\n",
    "    n_inputs, n_outputs = Beta.shape\n",
    "    \n",
    "    # i is the example identifier, y the output variables\n",
    "    # and x the input variables\n",
    "    i, y, x = yx[0], yx[1:n_outputs+1], yx[n_outputs+1:]\n",
    "\n",
    "    # Compute error\n",
    "    err = y - np.dot(x, Beta)\n",
    "    sse = (N * sse + np.mean(err ** 2.)) / (N + 1)\n",
    "\n",
    "    # Update V matrix\n",
    "    xtx = np.outer(x, x)\n",
    "    V = (V - (np.dot(V, np.dot(xtx, V))) / (1. + np.dot(x, np.dot(V, x)))) / nu\n",
    "\n",
    "    # Update coefficients\n",
    "    alpha = np.dot(V, x)\n",
    "    new_Beta = Beta + np.outer(alpha, err)\n",
    "    return (key, new_Beta, V, nu, sse, N + 1, None)"
   ]
  },
  {
   "cell_type": "markdown",
   "metadata": {},
   "source": [
    "### 2) RLS algorithm state representation - Parallel approach\n",
    "\n",
    "In the parallel approach, the RLS agorithm is scalable not only w.r.t. to the number of models,\n",
    "**but also w.r.t. the number of output variables**. Therefore, RLS states should be redefined in such a way that\n",
    "only necessary coefficients are represented:\n",
    "\n",
    "$$\n",
    "(k, B_{\\cdot j}^{(t)}, V^{(t)}, \\nu, sse, t, j)\n",
    "$$\n",
    "\n",
    "$B_{\\cdot j}$ is the jth column of matrix $B$ and $j$ is the index of the explained variable to be fitted.\n",
    "It must be noted that the model is split into $m$ parts and matrix $V$ is computed for each varaible $y_j$:\n",
    "each node of the cluster can thus compute matrix $V$ itself instead of waiting for another machine to do it.\n",
    "\n",
    "First, a function for splitting a state into multiple partial states should be defined.\n",
    "Each partial state contains a single column of the coefficient matrix $B$.\n",
    "It should be highlighted that such function is **called only once** per model before starting\n",
    "streaming data."
   ]
  },
  {
   "cell_type": "code",
   "execution_count": 121,
   "metadata": {},
   "outputs": [],
   "source": [
    "def split_state(state):\n",
    "    \"\"\"Splits a full state into multiple partial states.\n",
    "    \n",
    "    Each partial state is associated to a single output variable\n",
    "    and shares the same key with the original (full) state.\n",
    "    \n",
    "    Parameters:\n",
    "        state (tuple): Full state.\n",
    "    \n",
    "    Returns:\n",
    "        list: A list of `m` tuples (states) where each is associated\n",
    "            to a different output variables.\n",
    "    \"\"\"\n",
    "    m = state[1].shape[1]\n",
    "    partial_states = list()\n",
    "    for j in range(m):\n",
    "        key = state[0]\n",
    "        beta = state[1][:, j] # jth column of Beta\n",
    "        V, nu, sse, N, _ = state[2:]\n",
    "        new_state = (key, beta, np.copy(V), nu, sse, N, j)\n",
    "        partial_states.append(new_state)\n",
    "    return partial_states"
   ]
  },
  {
   "cell_type": "markdown",
   "metadata": {},
   "source": [
    "In order to retrieve the coefficients of the whole matrix $B$ as well as the error across all output variables,\n",
    "another function has to be defined. Such function necessarily needs to be run in parallel w.r.t. the number of models.\n",
    "For each model, the partial states are concatenated in order to obtain the full state, where the later is of the same\n",
    "form as the states used in the vectorized approach.\n",
    "\n",
    "The implementation is quite simple, as $k, V, \\nu, t$ are assumed to be equal across all partial states of a same model.\n",
    "The only operation to be performed is initializing the values of $B_{\\cdot j}$ with the vector of partial state $j$,\n",
    "for each partial state."
   ]
  },
  {
   "cell_type": "code",
   "execution_count": 122,
   "metadata": {},
   "outputs": [],
   "source": [
    "def combine_partial_states(states):\n",
    "    \"\"\"Combines partial states of a same model into a single state.\n",
    "    \n",
    "    Parameters:\n",
    "        states (list): List of tuples where each tuple is\n",
    "            a partial state.\n",
    "    \n",
    "    Returns:\n",
    "        tuple: Full state.\n",
    "    \"\"\"\n",
    "    # All the following info is retrieved from\n",
    "    # the first state of the list but is supposed\n",
    "    # to be the same everywhere\n",
    "    n_inputs = len(states[0][1])\n",
    "    n_outputs = len(states)\n",
    "    key = states[0][0]\n",
    "    V = states[0][2]\n",
    "    nu = states[0][3]\n",
    "    N = states[0][5]\n",
    "    \n",
    "    # Errors will be averaged across partial states.\n",
    "    sses = list()\n",
    "    \n",
    "    # Initialize Beta column by column\n",
    "    Beta = np.zeros((n_inputs, n_outputs))\n",
    "    for state in states:\n",
    "        j = state[6] # Index of the output variable\n",
    "        Beta[:, j] = state[1]\n",
    "        sses.append(state[4])\n",
    "    sse = np.mean(sses)\n",
    "    return (key, Beta, V, nu, sse, N, None)"
   ]
  },
  {
   "cell_type": "markdown",
   "metadata": {},
   "source": [
    "Each RLS step is performed slightly differently than in the vectorized approach.\n",
    "Matrix $V^{(t)}$ is updated exactly the same way. However, only the jth column \n",
    "of coefficient matrix $B$ are updated, based on the error on variable $y_j$ solely.\n",
    "\n",
    "$$\n",
    "\\begin{align}\n",
    "\\begin{cases}\n",
    "    \\alpha_t & = V^{(t)} x_t^T \\\\\n",
    "    e^{(t)} & = y_j^{(t)} - x_t \\hat{B}_{\\cdot j}^{(t-1)} \\\\\n",
    "    \\hat{B}_{\\cdot j}^{(t)} & = \\hat{B}_{\\cdot j}^{(t-1)} + \\alpha_t^T e^{(t)}\n",
    "\\end{cases}\n",
    "\\end{align}\n",
    "$$"
   ]
  },
  {
   "cell_type": "code",
   "execution_count": 107,
   "metadata": {},
   "outputs": [],
   "source": [
    "@stochastic\n",
    "def partial_state_update(new_example, state):\n",
    "    yx = new_example[1]\n",
    "    key, beta, V, nu, sse, N, j = state\n",
    "    n_inputs = len(beta)\n",
    "    n_outputs = len(yx) - n_inputs - 1\n",
    "    i, y, x = yx[0], yx[j+1], yx[n_outputs+1:]\n",
    "    \n",
    "    # Compute error\n",
    "    err = y - np.dot(x, beta)\n",
    "    sse = (N * sse + err ** 2.) / (N + 1)\n",
    "    \n",
    "    # Update V matrix\n",
    "    xtx = np.outer(x, x)\n",
    "    V = (V - (np.dot(V, np.dot(xtx, V))) / (1. + np.dot(x, np.dot(V, x)))) / nu\n",
    "\n",
    "    # Update Beta matrix\n",
    "    alpha = np.dot(V, x)\n",
    "    new_beta = beta + alpha * err\n",
    "    return (key, new_beta, V, nu, sse, N + 1, j)"
   ]
  },
  {
   "cell_type": "markdown",
   "metadata": {},
   "source": [
    "### Global constants - RLS\n",
    "\n",
    "The following constants are dedicated to the learning process itself."
   ]
  },
  {
   "cell_type": "code",
   "execution_count": 108,
   "metadata": {},
   "outputs": [],
   "source": [
    "# Number of input/explanatory variables\n",
    "n = 10\n",
    "\n",
    "# Number of output/explained variables\n",
    "m = 8\n",
    "\n",
    "# Threshold for using the parallel approach.\n",
    "# When the number of output variables exceeds\n",
    "# this threshold, the parallel approach is used\n",
    "# instead of the vectorized one.\n",
    "tau_local = 5\n",
    "\n",
    "# Number of models to train in parallel\n",
    "# for future validation of `nu`\n",
    "n_models = 3"
   ]
  },
  {
   "cell_type": "markdown",
   "metadata": {},
   "source": [
    "### Testing the state update functions\n",
    "\n",
    "Let's quickly test both implementations of the RLS update function:"
   ]
  },
  {
   "cell_type": "code",
   "execution_count": 129,
   "metadata": {},
   "outputs": [],
   "source": [
    "values = np.asarray([0] + [1.] * (n + m))\n",
    "assert(full_state_update([('-', values)], create_state('-', n, m, 1.)))\n",
    "state = create_state('-', n, 1, 1.)\n",
    "assert(partial_state_update([('-', values)], split_state(create_state('-', n, m, 1.))[0]))"
   ]
  },
  {
   "cell_type": "markdown",
   "metadata": {},
   "source": [
    "## Define streaming pipeline\n",
    "\n",
    "---\n",
    "\n",
    "<img src=\"report/imgs/lineage-graph.png\">"
   ]
  },
  {
   "cell_type": "code",
   "execution_count": 128,
   "metadata": {},
   "outputs": [
    {
     "name": "stdout",
     "output_type": "stream",
     "text": [
      "<class 'pyspark.streaming.dstream.DStream'>\n"
     ]
    }
   ],
   "source": [
    "# Creating one initial state per model\n",
    "# Each model is assigned a different forgetting parameter\n",
    "nus = np.linspace(0.5, 1.0, n_models)\n",
    "initial_states = [create_state('mod%i' % (i + 1), n, m, nus[i]) for i in range(n_models)]\n",
    "\n",
    "# Evaluate inputs to lists and convert them to arrays\n",
    "array_dstream = dstream.map(lambda x: np.array(ast.literal_eval(x[1])))\n",
    "#dstream.pprint()\n",
    "\n",
    "dstream = array_stream.flatMap(lambda x: [('mod%i' % (i + 1), ('mod%i' % (i + 1), x)) for i in range(n_models)])\n",
    "#dstream.pprint()\n",
    "\n",
    "full_state_RDD = sc.parallelize([(u'mod%i' % (i + 1), initial_states[i]) for i in range(n_models)])\n",
    "\n",
    "if m <= tau_local:\n",
    "    dstream = dstream.updateStateByKey(full_state_update, initialRDD=full_state_RDD)\n",
    "else:\n",
    "    partial_state_RDD = full_state_RDD.flatMap(lambda x: [(x[0], s) for s in split_state(x[1])])\n",
    "    dstream = dstream.updateStateByKey(partial_state_update, initialRDD=partial_state_RDD)\n",
    "    dstream = dstream.groupByKey().map(lambda x: (x[0], merge_partial_states(x[1])))\n",
    "dstream.pprint()\n",
    "\n",
    "dstream = dstream.map(lambda x: x[1][4])\n",
    "\n",
    "# Only display error\n",
    "#dstream.pprint()"
   ]
  },
  {
   "cell_type": "markdown",
   "metadata": {},
   "source": [
    "### Start streaming application"
   ]
  },
  {
   "cell_type": "code",
   "execution_count": 113,
   "metadata": {},
   "outputs": [
    {
     "name": "stdout",
     "output_type": "stream",
     "text": [
      "-------------------------------------------\n",
      "Time: 2019-08-25 14:23:25\n",
      "-------------------------------------------\n",
      "('mod1', ('mod1', array([ 0.30314386,  1.37409928,  0.41483387, -0.22854956,  2.01558654,\n",
      "       -0.42718012,  1.90076558,  1.70822599, -0.95328089, -0.21190103]), array([[ 2.40698215e+01,  6.88396275e+00, -2.44011056e+01,\n",
      "        -1.99218865e+01,  2.01201011e+01,  1.23746046e+00,\n",
      "        -2.19737576e+01,  7.47240577e+00, -1.96805243e+01,\n",
      "         2.51218080e+01],\n",
      "       [ 6.88396275e+00,  9.22265953e+01, -5.49862729e+00,\n",
      "        -5.71660070e+01, -3.29028004e+00, -2.45761784e+01,\n",
      "        -5.67749165e+01, -4.60046321e+01, -4.96475832e-02,\n",
      "         2.44523027e+01],\n",
      "       [-2.44011056e+01, -5.49862729e+00,  1.23935067e+02,\n",
      "        -2.47156256e+01, -1.84198652e+01,  2.24622868e+01,\n",
      "        -2.73243498e+00, -5.40831446e+01,  2.09166340e+01,\n",
      "        -6.08751354e+01],\n",
      "       [-1.99218865e+01, -5.71660070e+01, -2.47156256e+01,\n",
      "         1.22493429e+02, -1.69741747e+01, -3.59706977e+01,\n",
      "         6.44043005e+01,  1.38109229e+01,  7.27763747e+00,\n",
      "        -3.57720305e+01],\n",
      "       [ 2.01201011e+01, -3.29028004e+00, -1.84198652e+01,\n",
      "        -1.69741747e+01,  1.25262434e+02,  3.62429768e+01,\n",
      "        -4.31216277e+01, -7.44703559e+00, -1.57196998e+01,\n",
      "        -6.78845715e+01],\n",
      "       [ 1.23746046e+00, -2.45761784e+01,  2.24622868e+01,\n",
      "        -3.59706977e+01,  3.62429768e+01,  7.18706486e+01,\n",
      "        -5.60155018e+00,  1.99619703e+01, -2.16468510e+01,\n",
      "        -2.92924519e+01],\n",
      "       [-2.19737576e+01, -5.67749165e+01, -2.73243498e+00,\n",
      "         6.44043005e+01, -4.31216277e+01, -5.60155018e+00,\n",
      "         8.16806687e+01,  1.85271541e+01,  2.72600577e+01,\n",
      "        -1.35654065e+01],\n",
      "       [ 7.47240577e+00, -4.60046321e+01, -5.40831446e+01,\n",
      "         1.38109229e+01, -7.44703559e+00,  1.99619703e+01,\n",
      "         1.85271541e+01,  1.12963002e+02, -2.01153514e+01,\n",
      "         3.46796764e+01],\n",
      "       [-1.96805243e+01, -4.96475832e-02,  2.09166340e+01,\n",
      "         7.27763747e+00, -1.57196998e+01, -2.16468510e+01,\n",
      "         2.72600577e+01, -2.01153514e+01,  8.15414542e+01,\n",
      "        -2.75844504e+01],\n",
      "       [ 2.51218080e+01,  2.44523027e+01, -6.08751354e+01,\n",
      "        -3.57720305e+01, -6.78845715e+01, -2.92924519e+01,\n",
      "        -1.35654065e+01,  3.46796764e+01, -2.75844504e+01,\n",
      "         1.40214625e+02]]), 0.5, 1.1264665721901617, 8.0, 0))\n",
      "('mod2', ('mod2', array([-0.222514  ,  1.1093646 ,  0.86263095,  0.00218621,  1.28558546,\n",
      "       -0.24595846,  1.41686866,  0.88579898, -0.31782744,  0.54393578]), array([[ 2.31263923e+00, -1.69259907e-01, -8.44612353e-01,\n",
      "        -7.85029858e-01,  6.43577055e-01, -3.47648111e-03,\n",
      "        -8.62334967e-01,  1.96882779e-01, -9.96033743e-01,\n",
      "         7.55512687e-01],\n",
      "       [-1.69259907e-01,  4.66056922e+00, -9.42352317e-01,\n",
      "        -2.10706133e+00, -6.33909061e-02, -6.62146371e-01,\n",
      "        -1.86061863e+00, -1.43611410e+00, -1.14785351e-01,\n",
      "         3.02705594e-01],\n",
      "       [-8.44612353e-01, -9.42352317e-01,  6.14085659e+00,\n",
      "        -1.21105182e+00, -9.90762590e-01,  4.01183836e-01,\n",
      "        -6.21769472e-01, -1.48985915e+00,  7.17188896e-01,\n",
      "        -1.97911270e+00],\n",
      "       [-7.85029858e-01, -2.10706133e+00, -1.21105182e+00,\n",
      "         5.65022550e+00, -7.41907760e-01, -8.91046373e-01,\n",
      "         2.02759834e+00, -9.30922280e-03, -1.73379134e-01,\n",
      "        -1.29148340e+00],\n",
      "       [ 6.43577055e-01, -6.33909061e-02, -9.90762590e-01,\n",
      "        -7.41907760e-01,  5.49620916e+00,  7.01221926e-01,\n",
      "        -1.56046154e+00, -3.18353479e-01, -1.86165079e-01,\n",
      "        -2.61054262e+00],\n",
      "       [-3.47648111e-03, -6.62146371e-01,  4.01183836e-01,\n",
      "        -8.91046373e-01,  7.01221926e-01,  4.36321387e+00,\n",
      "        -6.69604942e-02, -8.15300116e-02, -1.60208667e+00,\n",
      "        -1.16268176e+00],\n",
      "       [-8.62334967e-01, -1.86061863e+00, -6.21769472e-01,\n",
      "         2.02759834e+00, -1.56046154e+00, -6.69604942e-02,\n",
      "         4.34514022e+00,  2.55193397e-01,  7.58316305e-01,\n",
      "        -6.96591852e-01],\n",
      "       [ 1.96882779e-01, -1.43611410e+00, -1.48985915e+00,\n",
      "        -9.30922280e-03, -3.18353479e-01, -8.15300116e-02,\n",
      "         2.55193397e-01,  6.48193050e+00, -2.06545603e-01,\n",
      "         6.11017877e-01],\n",
      "       [-9.96033743e-01, -1.14785351e-01,  7.17188896e-01,\n",
      "        -1.73379134e-01, -1.86165079e-01, -1.60208667e+00,\n",
      "         7.58316305e-01, -2.06545603e-01,  4.91850384e+00,\n",
      "        -9.66435038e-01],\n",
      "       [ 7.55512687e-01,  3.02705594e-01, -1.97911270e+00,\n",
      "        -1.29148340e+00, -2.61054262e+00, -1.16268176e+00,\n",
      "        -6.96591852e-01,  6.11017877e-01, -9.66435038e-01,\n",
      "         6.28957114e+00]]), 0.75, 1.2063693324370521, 8.0, 0))\n",
      "('mod3', ('mod3', array([ 0.11128684,  0.85958771,  0.75225599,  0.34907597,  0.82306042,\n",
      "        0.06888389,  0.88942746,  0.42039158, -0.12895214,  0.59612391]), array([[ 0.4884149 , -0.10128697, -0.08764104, -0.10137929,  0.01554008,\n",
      "         0.0217283 , -0.09444302,  0.02098839, -0.11350972,  0.0117404 ],\n",
      "       [-0.10128697,  0.60744162, -0.13418401, -0.17958952,  0.01084634,\n",
      "        -0.05468839, -0.13922441, -0.10078206, -0.04584479, -0.01532056],\n",
      "       [-0.08764104, -0.13418401,  0.71246072, -0.12806917, -0.10192389,\n",
      "        -0.01530194, -0.09822639, -0.10228376,  0.05839724, -0.1661943 ],\n",
      "       [-0.10137929, -0.17958952, -0.12806917,  0.68772083, -0.09114345,\n",
      "        -0.02639476,  0.11513779, -0.04080835, -0.04079899, -0.10548379],\n",
      "       [ 0.01554008,  0.01084634, -0.10192389, -0.09114345,  0.61505968,\n",
      "        -0.01286412, -0.12104347, -0.03248388, -0.0010113 , -0.24337932],\n",
      "       [ 0.0217283 , -0.05468839, -0.01530194, -0.02639476, -0.01286412,\n",
      "         0.60328616, -0.0420404 , -0.07589486, -0.18878145, -0.12707898],\n",
      "       [-0.09444302, -0.13922441, -0.09822639,  0.11513779, -0.12104347,\n",
      "        -0.0420404 ,  0.59653175,  0.00713501,  0.03095727, -0.09711506],\n",
      "       [ 0.02098839, -0.10078206, -0.10228376, -0.04080835, -0.03248388,\n",
      "        -0.07589486,  0.00713501,  0.81021845, -0.00362522, -0.00712318],\n",
      "       [-0.11350972, -0.04584479,  0.05839724, -0.04079899, -0.0010113 ,\n",
      "        -0.18878145,  0.03095727, -0.00362522,  0.62452859, -0.07580713],\n",
      "       [ 0.0117404 , -0.01532056, -0.1661943 , -0.10548379, -0.24337932,\n",
      "        -0.12707898, -0.09711506, -0.00712318, -0.07580713,  0.71605957]]), 1.0, 1.58182915869078, 8.0, 0))\n",
      "\n",
      "-------------------------------------------\n",
      "Time: 2019-08-25 14:23:26\n",
      "-------------------------------------------\n",
      "('mod1', ('mod1', array([ 0.28885926,  1.56646329,  0.90731758, -0.73876072,  2.24920481,\n",
      "       -0.30704935,  1.64225843,  1.46125399, -0.50180782, -0.55056851]), array([[  48.07985333,   14.57308565,  -46.74086787,  -41.97931643,\n",
      "          41.21803646,    2.97774113,  -45.02952461,   13.91108378,\n",
      "         -37.47135976,   48.82608704],\n",
      "       [  14.57308565,  173.61047909,  -38.75639187,  -85.57365859,\n",
      "         -19.74859311,  -55.92359892,  -98.97892415,  -78.08854081,\n",
      "         -25.54684347,   67.99379947],\n",
      "       [ -46.74086787,  -38.75639187,  176.8021452 ,   24.1949019 ,\n",
      "         -70.55207593,   27.58907193,   31.83907026,  -72.52693164,\n",
      "         -23.31667051,  -72.87877227],\n",
      "       [ -41.97931643,  -85.57365859,   24.1949019 ,  168.71045663,\n",
      "           0.97750607,  -53.98188504,   90.16186785,   -9.30038643,\n",
      "          82.05035108, -122.17473828],\n",
      "       [  41.21803646,  -19.74859311,  -70.55207593,    0.97750607,\n",
      "         234.53282653,   64.26255479,  -68.54747795,    2.0120824 ,\n",
      "         -62.3444141 , -112.58609169],\n",
      "       [   2.97774113,  -55.92359892,   27.58907193,  -53.98188504,\n",
      "          64.26255479,  139.5126759 ,   -2.10360956,   48.61739245,\n",
      "         -59.18562299,  -46.66375694],\n",
      "       [ -45.02952461,  -98.97892415,   31.83907026,   90.16186785,\n",
      "         -68.54747795,   -2.10360956,  143.78031418,   18.34703253,\n",
      "          88.71764152,  -52.78370513],\n",
      "       [  13.91108378,  -78.08854081,  -72.52693164,   -9.30038643,\n",
      "           2.0120824 ,   48.61739245,   18.34703253,  208.05348837,\n",
      "          -7.55914444,   44.85114822],\n",
      "       [ -37.47135976,  -25.54684347,  -23.31667051,   82.05035108,\n",
      "         -62.3444141 ,  -59.18562299,   88.71764152,   -7.55914444,\n",
      "         103.35820622,  -10.36708278],\n",
      "       [  48.82608704,   67.99379947,  -72.87877227, -122.17473828,\n",
      "        -112.58609169,  -46.66375694,  -52.78370513,   44.85114822,\n",
      "         -10.36708278,  246.82166581]]), 0.5, 1.020856964034031, 9.0, 0))\n",
      "('mod2', ('mod2', array([-0.1996863 ,  1.15263573,  1.09103713, -0.22053796,  1.38881423,\n",
      "       -0.29996904,  1.27740209,  0.90916776, -0.04406866,  0.41760507]), array([[ 3.06633   , -0.2582625 , -1.2981368 , -0.87899796,  0.78037277,\n",
      "         0.03603398, -1.04476337,  0.24491397, -1.53418193,  1.10247569],\n",
      "       [-0.2582625 ,  6.15233016, -1.58248045, -2.49151449, -0.2318626 ,\n",
      "        -0.80577098, -2.28176019, -1.94817374, -0.5437909 ,  0.5839229 ],\n",
      "       [-1.2981368 , -1.58248045,  6.46696507,  0.06329898, -2.09875664,\n",
      "         0.94183496,  0.22173452, -2.16254255, -1.10628467, -1.68702391],\n",
      "       [-0.87899796, -2.49151449,  0.06329898,  5.89734328, -0.23081812,\n",
      "        -1.58486209,  1.67884346,  0.15927149,  1.78005517, -2.65009339],\n",
      "       [ 0.78037277, -0.2318626 , -2.09875664, -0.23081812,  6.9767773 ,\n",
      "         1.11887257, -1.60572143, -0.50404375, -1.18038892, -3.05055813],\n",
      "       [ 0.03603398, -0.80577098,  0.94183496, -1.58486209,  1.11887257,\n",
      "         5.72139449, -0.3377511 , -0.06707339, -1.64839322, -1.77531022],\n",
      "       [-1.04476337, -2.28176019,  0.22173452,  1.67884346, -1.60572143,\n",
      "        -0.3377511 ,  5.15191783,  0.44776371,  2.27048916, -1.50996131],\n",
      "       [ 0.24491397, -1.94817374, -2.16254255,  0.15927149, -0.50404375,\n",
      "        -0.06707339,  0.44776371,  8.6245605 , -0.48641724,  0.91207075],\n",
      "       [-1.53418193, -0.5437909 , -1.10628467,  1.78005517, -1.18038892,\n",
      "        -1.64839322,  2.27048916, -0.48641724,  4.08592884, -0.14779786],\n",
      "       [ 1.10247569,  0.5839229 , -1.68702391, -2.65009339, -3.05055813,\n",
      "        -1.77531022, -1.50996131,  0.91207075, -0.14779786,  7.85966125]]), 0.75, 1.091301902122317, 9.0, 0))\n",
      "('mod3', ('mod3', array([0.143364  , 0.8748486 , 0.87791626, 0.24240861, 0.87576799,\n",
      "       0.01422521, 0.80620987, 0.46629213, 0.0273904 , 0.5336933 ]), array([[ 0.48351882, -0.10361631, -0.10682114, -0.08509816,  0.00749508,\n",
      "         0.0300711 , -0.08174114,  0.01398238, -0.13737299,  0.02126947],\n",
      "       [-0.10361631,  0.60633342, -0.14330905, -0.17184368,  0.00701889,\n",
      "        -0.05071926, -0.13318142, -0.10411521, -0.05719788, -0.01078705],\n",
      "       [-0.10682114, -0.14330905,  0.6373239 , -0.0642889 , -0.13343965,\n",
      "         0.01738046, -0.04846758, -0.12972936, -0.03508563, -0.12886478],\n",
      "       [-0.08509816, -0.17184368, -0.0642889 ,  0.63358063, -0.06439113,\n",
      "        -0.05413738,  0.07289977, -0.01751102,  0.03855441, -0.13717114],\n",
      "       [ 0.00749508,  0.00701889, -0.13343965, -0.06439113,  0.60184055,\n",
      "         0.00084435, -0.10017239, -0.0439958 , -0.04022222, -0.22772164],\n",
      "       [ 0.0300711 , -0.05071926,  0.01738046, -0.05413738,  0.00084435,\n",
      "         0.58907024, -0.06368408, -0.0639568 , -0.14811904, -0.14331627],\n",
      "       [-0.08174114, -0.13318142, -0.04846758,  0.07289977, -0.10017239,\n",
      "        -0.06368408,  0.56357934,  0.02531066,  0.09286561, -0.12183627],\n",
      "       [ 0.01398238, -0.10411521, -0.12972936, -0.01751102, -0.0439958 ,\n",
      "        -0.0639568 ,  0.02531066,  0.80019326, -0.03777217,  0.00651236],\n",
      "       [-0.13737299, -0.05719788, -0.03508563,  0.03855441, -0.04022222,\n",
      "        -0.14811904,  0.09286561, -0.03777217,  0.50822016, -0.02936291],\n",
      "       [ 0.02126947, -0.01078705, -0.12886478, -0.13717114, -0.22772164,\n",
      "        -0.14331627, -0.12183627,  0.00651236, -0.02936291,  0.69751349]]), 1.0, 1.4493300223013938, 9.0, 0))\n",
      "\n"
     ]
    }
   ],
   "source": [
    "ssc.start()"
   ]
  },
  {
   "cell_type": "markdown",
   "metadata": {},
   "source": [
    "### Stop streaming"
   ]
  },
  {
   "cell_type": "code",
   "execution_count": 114,
   "metadata": {},
   "outputs": [],
   "source": [
    "ssc.stop(stopSparkContext=True, stopGraceFully=False)"
   ]
  },
  {
   "cell_type": "code",
   "execution_count": null,
   "metadata": {
    "collapsed": true
   },
   "outputs": [],
   "source": []
  }
 ],
 "metadata": {
  "kernelspec": {
   "display_name": "Python 3",
   "language": "python",
   "name": "python3"
  },
  "language_info": {
   "codemirror_mode": {
    "name": "ipython",
    "version": 3
   },
   "file_extension": ".py",
   "mimetype": "text/x-python",
   "name": "python",
   "nbconvert_exporter": "python",
   "pygments_lexer": "ipython3",
   "version": "3.7.1"
  }
 },
 "nbformat": 4,
 "nbformat_minor": 1
}
